

（15）2016年5月对部分国家（地区）出口商品类章金额表（人民币值）

发布时间：2016-06-21 
 
　
　
单位：万元人民币

类章
 缅甸
香港
印度
印度尼西亚
伊朗
日本
澳门
马来西亚
阿曼
巴基斯坦
菲律宾
沙特阿拉伯 
新加坡
韩国
泰国
土耳其
阿拉伯联合酋长国
越南
台湾省
哈萨克斯坦
南非
欧洲联盟
比利时
丹麦
英国
德国
法国
意大利
荷兰
西班牙
奥地利
芬兰
瑞典
罗马尼亚
瑞士
俄罗斯联邦
乌克兰
阿根廷
巴西
智  利
加拿大
美国
澳大利亚
新西兰

5月
1至5月
5月
1至5月
5月
1至5月
5月
1至5月
5月
1至5月
5月
1至5月
5月
1至5月
5月
1至5月
5月
1至5月
5月
1至5月
5月
1至5月
5月
1至5月
5月
1至5月
5月
1至5月
5月
1至5月
5月
1至5月
5月
1至5月
5月
1至5月
5月
1至5月
5月
1至5月
5月
1至5月
5月
1至5月
5月
1至5月
5月
1至5月
5月
1至5月
5月
1至5月
5月
1至5月
5月
1至5月
5月
1至5月
5月
1至5月
5月
1至5月
5月
1至5月
5月
1至5月
5月
1至5月
5月
1至5月
5月
1至5月
5月
1至5月
5月
1至5月
5月
1至5月
5月
1至5月
5月
1至5月
5月
1至5月
5月
1至5月
5月
1至5月

总值 
483475 
2256956 
15535549 
70416789 
3429976 
##########
1988610 
8600708 
936286 
3863340 
6723477 
33294882 
204329 
860065 
2378534 
9616497 
163825 
578174 
1191527 
4678640 
1897126 
7800500 
1362024 
5506490 
2475999 
11860343 
5193775 
24255591 
2156744 
9973061 
1068802 
4720568 
2029075 
8432745 
3427997 
15232362 
2445386 
10656311 
464135 
1774784 
654000 
3142655 
18293186 
85814909 
901830 
3909796 
287073 
1307569 
2966480 
13653915 
3563562 
16660092 
1437205 
6430004 
1560309 
7083788 
2648306 
13827699 
1229476 
5503738 
133272 
610609 
163416 
749319 
355814 
1596377 
198833 
875845 
170859 
830655 
2024069 
8350926 
265913 
1036522 
370869 
1875404 
1118291 
4956541 
687731 
3072527 
1490040 
6698998 
20411480 
92470086 
1945570 
9363974 
237776 
1148091 

第1类 活动物；动物产品
1279 
7302 
152499 
705934 
464 
2531 
6171 
22862 
8881 
28348 
136149 
549873 
8761 
38798 
28061 
117003 
179 
554 
3 
13 
24937 
139933 
59 
2141 
10730 
43027 
79536 
364644 
54520 
320003 
967 
4873 
873 
7467 
17101 
62816 
68019 
293908 
-
106 
4446 
20842 
162930 
663710 
6657 
31785 
1898 
6828 
23456 
95126 
43723 
173889 
14096 
53239 
9874 
40565 
12136 
55852 
26366 
99610 
700 
3405 
46 
409 
4035 
16276 
1288 
4288 
398 
1514 
11163 
49447 
891 
3967 
115 
409 
10208 
47229 
2913 
11054 
16069 
74782 
110640 
512209 
11654 
45757 
1754 
6818 

01章 活动物  
-
0 
25697 
111757 
-
-
4 
17 
-
-
158 
1308 
2945 
12728 
2 
9 
-
-
-
0 
-
1 
-
-
19 
72 
136 
1896 
3 
27 
-
-
0 
2 
128 
609 
-
20 
-
-
-
-
202 
254 
-
0 
-
-
-
0 
21 
31 
163 
163 
13 
41 
0 
0 
0 
0 
-
-
-
-
-
0 
-
-
-
-
3 
8 
-
-
-
-
-
-
-
-
-
286 
1266 
9023 
-
-
-
-

02章 肉及食用杂碎
-
-
35787 
165827 
-
-
-
-
-
-
-
93 
2148 
10594 
3099 
13557 
-
-
-
-
-
-
-
-
365 
1166 
-
-
-
51 
-
-
49 
609 
9 
9 
-
-
-
-
-
-
747 
3670 
302 
1807 
-
-
-
-
206 
952 
62 
273 
-
-
-
-
-
-
-
-
-
-
-
-
-
-
-
-
145 
561 
-
-
-
-
-
-
-
-
-
-
60 
350 
-
-
-
-

03章 鱼及其他水生无脊椎动物
-
-
77466 
361224 
-
953 
4684 
16459 
8881 
28319 
123834 
484279 
2767 
11349 
24382 
99595 
63 
78 
-
-
24931 
139072 
59 
1069 
9765 
38888 
76738 
351164 
39587 
260695 
731 
2007 
677 
6117 
4453 
23242 
64480 
278163 
-
106 
1742 
8289 
123050 
467122 
4265 
16800 
1179 
3261 
19825 
72441 
28540 
103900 
12642 
47944 
7524 
28991 
6995 
27684 
24109 
88648 
-
15 
46 
406 
3914 
15853 
60 
470 
257 
864 
10839 
48266 
761 
3167 
-
-
5941 
33809 
2872 
10815 
14991 
68728 
95692 
441211 
10673 
39735 
1678 
6147 

04章 乳；蛋；蜂蜜；其他食用动物产品
175 
609 
10106 
45290 
2 
5 
66 
123 
-
13 
5218 
29606 
868 
4075 
224 
1114 
116 
476 
-
7 
6 
230 
0 
1071 
575 
2880 
710 
4602 
1345 
4689 
20 
200 
58 
483 
3 
13 
-
-
-
-
512 
1783 
6292 
46479 
1045 
9690 
-
469 
1767 
14535 
637 
3028 
330 
1018 
287 
2616 
704 
3667 
465 
3335 
-
183 
-
-
106 
272 
-
207 
-
37 
-
-
-
2 
-
-
-
2 
-
1 
394 
1534 
770 
4066 
889 
5531 
58 
587 

05章 其他动物产品
1104 
6693 
3441 
21836 
463 
1573 
1417 
6264 
-
16 
6940 
34586 
33 
53 
354 
2728 
-
0 
3 
6 
-
630 
-
0 
5 
21 
1953 
6982 
13585 
54541 
215 
2666 
89 
256 
12509 
38942 
3539 
15725 
-
0 
2192 
10769 
32638 
146185 
1045 
3488 
719 
3098 
1865 
8150 
14320 
65979 
899 
3842 
2051 
8918 
4437 
24501 
1792 
7627 
700 
3207 
-
3 
16 
152 
1228 
3612 
142 
614 
175 
612 
129 
798 
115 
409 
4267 
13419 
41 
237 
684 
4234 
12852 
57559 
92 
491 
17 
85 

第2类 植物产品  
8101 
56006 
150076 
642751 
25402 
106454 
55963 
240398 
10493 
83216 
136276 
634913 
2246 
9751 
61652 
336280 
329 
1743 
12599 
67321 
22880 
110329 
9332 
42639 
15410 
78695 
66844 
317237 
54499 
347707 
4165 
18454 
14489 
69195 
147551 
568607 
18246 
82890 
8443 
39544 
3759 
15780 
122595 
610011 
5529 
26387 
2148 
9026 
12390 
55886 
33012 
143194 
7754 
40014 
10099 
60521 
22784 
137192 
18111 
81725 
235 
462 
200 
1472 
1213 
5418 
462 
2501 
1381 
3715 
48502 
228678 
864 
4730 
680 
2956 
11880 
72199 
2933 
17072 
14504 
62864 
91273 
383132 
11120 
51305 
2329 
11243 

06章 活植物；茎、根；插花、簇叶 
727 
1924 
330 
4069 
113 
458 
4 
55 
-
15 
3991 
21737 
434 
2029 
330 
1462 
-
28 
110 
735 
156 
691 
32 
231 
615 
3394 
3223 
16596 
835 
3575 
18 
238 
214 
1251 
105 
982 
45 
256 
113 
304 
19 
86 
3479 
14939 
39 
239 
23 
105 
113 
241 
491 
2153 
4 
56 
18 
1013 
2751 
10643 
21 
301 
2 
5 
-
-
6 
16 
-
10 
5 
22 
28 
242 
-
6 
19 
24 
-
2 
3 
64 
70 
302 
1686 
7769 
536 
1998 
5 
76 

07章 食用蔬菜、根及块茎 
34 
810 
79970 
339330 
7947 
21137 
50261 
173554 
824 
1878 
74916 
350058 
770 
3198 
40020 
170456 
121 
599 
1539 
13515 
10352 
32071 
4557 
18556 
7724 
32827 
25317 
140906 
31234 
111805 
1533 
7191 
7655 
37092 
113064 
361283 
3871 
14552 
1696 
5967 
2523 
10693 
25751 
146108 
1630 
10089 
250 
1135 
4162 
17846 
3767 
22406 
2644 
12792 
4184 
29827 
4577 
27441 
1880 
7919 
73 
150 
-
177 
262 
1393 
50 
487 
55 
574 
27460 
110231 
101 
964 
319 
1451 
10232 
63745 
614 
4085 
6874 
28859 
36669 
149285 
3925 
16495 
982 
4679 

08章 食用水果及坚果；甜瓜等水果的果皮
2422 
36092 
20126 
91995 
12552 
62128 
118 
41220 
-
-
6986 
32254 
307 
1347 
8887 
112447 
46 
374 
2115 
3822 
7825 
57530 
1330 
7979 
2787 
21969 
1187 
6543 
11897 
168225 
-
214 
2054 
11540 
15251 
120421 
1089 
8311 
6502 
32401 
87 
302 
14217 
69226 
426 
2388 
40 
464 
1695 
8774 
6370 
28717 
715 
3269 
1034 
4996 
3380 
15980 
247 
1252 
-
41 
-
14 
78 
619 
17 
92 
-
245 
14363 
86498 
35 
199 
-
39 
383 
997 
83 
1350 
1905 
9229 
11051 
41142 
1632 
11207 
458 
1778 

09章 咖啡、茶、马黛茶及调味香料 
3443 
8702 
22004 
81300 
530 
4188 
359 
3366 
747 
2278 
10021 
45402 
176 
610 
6536 
28877 
150 
593 
3127 
21446 
565 
1614 
2441 
9778 
793 
4887 
2454 
11694 
3646 
20336 
373 
1507 
3499 
13175 
12730 
38023 
3490 
10167 
29 
278 
818 
3362 
30316 
134626 
2618 
8632 
19 
128 
2065 
9132 
12370 
40044 
1829 
8833 
344 
2155 
1958 
24578 
7016 
32366 
30 
30 
7 
46 
576 
1577 
172 
471 
255 
371 
3062 
13404 
248 
1777 
188 
442 
163 
643 
139 
696 
1256 
6339 
14423 
60398 
1415 
6590 
9 
842 

10章 谷物
-
404 
764 
3855 
-
0 
1542 
1806 
-
-
6685 
16202 
-
74 
15 
73 
-
8 
2501 
19694 
1013 
2611 
-
-
0 
1 
10623 
31794 
16 
42 
4 
10 
-
-
529 
1099 
796 
3561 
-
0 
-
-
211 
1554 
-
44 
4 
4 
26 
241 
69 
418 
45 
309 
12 
95 
52 
391 
2 
22 
-
-
-
-
-
6 
-
-
-
-
206 
515 
-
-
-
-
34 
207 
-
-
95 
271 
98 
491 
29 
92 
2 
36 

11章 制粉工业产品；麦芽；淀粉等；
727 
3887 
3010 
15986 
1411 
5039 
981 
6736 
13 
13 
2137 
7428 
176 
951 
342 
1440 
-
-
90 
659 
952 
8112 
144 
546 
1283 
4983 
2087 
8369 
2035 
20501 
548 
2484 
75 
384 
2776 
14900 
505 
2364 
-
59 
87 
282 
2471 
14560 
0 
2 
-
-
22 
440 
322 
1691 
5 
32 
33 
87 
2059 
12151 
-
-
-
-
-
-
-
-
-
-
-
-
39 
282 
-
121 
38 
266 
280 
2554 
1403 
7994 
732 
1140 
501 
2146 
1069 
4008 
213 
1005 

12章 油籽；子仁；工业或药用植物；饲料 
743 
4163 
17685 
85655 
170 
2567 
277 
2323 
8648 
77161 
18081 
103768 
143 
711 
4074 
15765 
2 
113 
1110 
2308 
330 
1701 
760 
4699 
1797 
7586 
17666 
77024 
3373 
16066 
587 
2951 
965 
5540 
2634 
29172 
6436 
36410 
92 
477 
86 
472 
29324 
145897 
468 
2388 
584 
2852 
3212 
13195 
6013 
30383 
1023 
6561 
2613 
13839 
6253 
36689 
4876 
21027 
72 
120 
188 
1085 
219 
1628 
78 
790 
-
210 
1198 
6455 
46 
272 
17 
51 
131 
794 
36 
450 
2111 
10900 
8798 
43446 
1215 
5256 
376 
1839 

13章 虫胶；树胶、树脂及其他植物液、汁
5 
21 
5398 
16448 
2678 
10889 
2392 
11286 
261 
1871 
12292 
52011 
-
-
1317 
4737 
9 
28 
2007 
5104 
1686 
5988 
19 
676 
343 
2599 
4037 
21518 
1404 
6898 
1057 
3698 
21 
171 
449 
2713 
1732 
5386 
-
42 
138 
564 
14658 
69516 
246 
1793 
1172 
4163 
991 
4901 
3315 
15671 
1421 
7516 
1658 
7463 
876 
4665 
3799 
17535 
58 
114 
5 
143 
57 
145 
145 
638 
1063 
2269 
2143 
10907 
411 
1306 
99 
660 
644 
3230 
656 
2431 
1387 
5463 
17339 
75406 
1219 
5228 
255 
805 

14章 编结用植物材料；其他植物产品
-
3 
789 
4113 
-
47 
29 
52 
-
-
1166 
6055 
241 
831 
129 
1022 
-
0 
0 
37 
-
10 
50 
174 
69 
450 
250 
2795 
60 
260 
45 
160 
6 
43 
13 
15 
281 
1884 
10 
17 
1 
17 
2167 
13586 
101 
811 
57 
176 
103 
1115 
294 
1711 
67 
644 
202 
1045 
877 
4654 
271 
1302 
-
1 
-
6 
15 
35 
-
13 
3 
23 
3 
145 
23 
85 
-
24 
13 
28 
-
3 
74 
361 
708 
3049 
79 
430 
29 
183 

第3类 动、植物油、脂、蜡；精制食用油脂 
-
22 
3016 
12457 
302 
906 
388 
1940 
39 
233 
1442 
9697 
68 
777 
552 
1895 
-
15 
113 
315 
75 
419 
-
294 
1193 
3200 
1316 
9116 
488 
2531 
272 
1152 
264 
487 
958 
2810 
148 
1193 
-
-
214 
743 
7627 
32178 
865 
2152 
13 
80 
637 
4926 
1584 
6480 
193 
1311 
2 
937 
3061 
11399 
718 
2330 
-
205 
-
72 
-
77 
15 
63 
366 
1121 
147 
952 
25 
87 
-
-
130 
485 
1237 
10838 
1581 
10496 
4404 
20291 
680 
3257 
119 
2124 

15章 动、植物油、脂、蜡；精制食用油脂 
-
22 
3016 
12457 
302 
906 
388 
1940 
39 
233 
1442 
9697 
68 
777 
552 
1895 
-
15 
113 
315 
75 
419 
-
294 
1193 
3200 
1316 
9116 
488 
2531 
272 
1152 
264 
487 
958 
2810 
148 
1193 
-
-
214 
743 
7627 
32178 
865 
2152 
13 
80 
637 
4926 
1584 
6480 
193 
1311 
2 
937 
3061 
11399 
718 
2330 
-
205 
-
72 
-
77 
15 
63 
366 
1121 
147 
952 
25 
87 
-
-
130 
485 
1237 
10838 
1581 
10496 
4404 
20291 
680 
3257 
119 
2124 

第4类 食品；饮料、酒及醋；烟草及制品 
7359 
29256 
234389 
1115148 
6021 
27150 
46858 
188475 
3913 
20663 
320700 
1381396 
10692 
38600 
51271 
194562 
832 
6542 
4146 
17101 
49257 
241887 
5884 
39078 
21397 
108230 
103621 
473449 
39437 
174474 
2541 
13941 
12297 
52665 
39882 
162825 
68455 
227461 
3384 
15725 
7306 
32673 
158380 
691030 
16774 
77020 
4917 
20002 
22313 
94617 
31624 
156470 
7398 
36638 
10168 
36376 
28187 
133868 
12164 
42720 
907 
2287 
1877 
6107 
4544 
17770 
684 
2928 
1226 
5175 
46648 
187076 
4255 
19435 
1458 
7492 
5031 
26869 
6986 
35818 
22576 
96553 
201082 
870125 
28837 
130347 
5467 
25475 

16章 肉、鱼及其他水生无脊椎动物的制品
-
79 
51104 
251646 
29 
235 
1742 
7188 
-
11 
157706 
651853 
964 
5978 
7362 
32007 
-
1551 
-
-
3566 
18011 
315 
2317 
9291 
46778 
15877 
77538 
11038 
48760 
72 
254 
194 
1928 
575 
2106 
49711 
150578 
51 
901 
760 
4016 
21541 
80707 
1659 
6262 
1576 
4572 
3230 
11077 
1239 
7230 
432 
1307 
2825 
8871 
4035 
16970 
1445 
10020 
-
39 
39 
170 
1506 
2788 
-
-
33 
153 
13563 
57106 
2161 
9686 
-
-
113 
832 
2274 
14866 
4271 
16820 
66003 
271482 
7864 
28907 
852 
5089 

17章 糖及糖食 
648 
2539 
2546 
11834 
565 
3330 
10742 
48744 
264 
1481 
861 
3568 
271 
1490 
4110 
21666 
8 
164 
936 
3571 
22669 
109369 
656 
7900 
1686 
7236 
3050 
16884 
2780 
15058 
406 
2424 
1077 
5886 
4222 
14047 
852 
3490 
43 
209 
811 
3583 
3726 
18119 
28 
470 
188 
870 
1088 
5237 
457 
2537 
81 
598 
123 
384 
903 
3542 
279 
1545 
-
0 
79 
710 
29 
210 
8 
11 
98 
202 
2084 
9159 
231 
737 
63 
485 
143 
901 
563 
2908 
1532 
4278 
8920 
31669 
2750 
14475 
555 
2563 

18章 可可及可可制品
-
11 
1789 
23167 
409 
1243 
1930 
3906 
-
-
809 
6211 
3 
32 
721 
3673 
-
59 
55 
328 
1536 
6735 
336 
1508 
607 
2359 
4178 
11892 
717 
3998 
14 
91 
181 
1022 
107 
648 
20 
836 
22 
52 
13 
161 
2220 
18059 
-
-
-
1 
100 
558 
1305 
12902 
0 
837 
-
7 
3 
170 
138 
445 
-
-
-
-
-
-
-
-
-
-
210 
605 
-
41 
33 
33 
30 
144 
103 
473 
12 
498 
1928 
4169 
281 
1495 
206 
647 

19章 谷物粉、淀粉等或乳的制品；糕饼
568 
1930 
19244 
93959 
90 
288 
809 
3923 
133 
461 
12747 
53674 
1200 
5979 
3086 
11423 
62 
127 
144 
337 
1727 
7126 
510 
3844 
1534 
6123 
6348 
35869 
2070 
10405 
70 
449 
256 
1554 
657 
2554 
632 
2418 
210 
858 
353 
2050 
9682 
40344 
306 
973 
183 
859 
2495 
12234 
2080 
6759 
863 
3242 
378 
1885 
1845 
8154 
628 
2264 
-
169 
52 
246 
496 
1925 
-
13 
31 
401 
1649 
4720 
155 
239 
-
7 
158 
778 
212 
804 
2680 
12961 
9508 
43272 
3491 
16121 
904 
3866 

20章 蔬菜、水果等或植物其他部分的制品
25 
88 
14838 
61236 
1026 
6705 
6401 
21859 
989 
8080 
99676 
429303 
114 
603 
13760 
54961 
720 
4226 
739 
3691 
6715 
35154 
3280 
19596 
2227 
9916 
42264 
187421 
14822 
56556 
583 
4767 
4608 
18201 
10695 
48068 
10761 
42759 
2231 
7867 
4203 
14851 
49622 
223095 
2063 
9219 
731 
3316 
5741 
27888 
13873 
69502 
2514 
11402 
4534 
13828 
6541 
38097 
7840 
22502 
147 
798 
108 
455 
983 
5626 
353 
1566 
245 
1360 
21489 
83309 
698 
3242 
723 
3094 
2482 
9070 
764 
5337 
8327 
38404 
59343 
287067 
6641 
33741 
1692 
7055 

21章 杂项食品 
3235 
11819 
29340 
166996 
1207 
6863 
9888 
35446 
218 
948 
10535 
52463 
246 
1224 
5988 
28090 
42 
363 
1216 
3856 
8528 
42392 
666 
3379 
2629 
11705 
9764 
45948 
5406 
23782 
718 
2226 
1098 
5812 
7641 
30966 
1609 
8720 
684 
3562 
465 
2892 
17639 
69228 
510 
3411 
121 
542 
3182 
11568 
3110 
14998 
1067 
5303 
1087 
3892 
4695 
15773 
410 
1477 
24 
352 
268 
490 
277 
1023 
78 
570 
15 
114 
3863 
17149 
395 
1851 
63 
1346 
1086 
5918 
984 
3941 
2009 
8819 
25149 
96456 
3823 
20085 
643 
4112 

22章 饮料、酒及醋
1769 
9114 
99625 
446254 
133 
233 
36 
125 
-
-
1208 
8357 
6112 
16921 
2137 
10111 
-
0 
1 
1 
436 
5049 
8 
9 
1727 
10900 
5961 
25508 
270 
1907 
22 
205 
1124 
4493 
271 
1328 
2427 
9967 
16 
1636 
24 
328 
6151 
25328 
693 
1486 
28 
1310 
451 
2586 
745 
3649 
1184 
6415 
241 
1684 
627 
2411 
743 
1809 
736 
891 
8 
33 
-
846 
-
7 
622 
1244 
857 
1261 
4 
10 
7 
13 
-
1 
50 
334 
285 
1435 
1777 
13505 
1551 
7118 
175 
1213 

23章 食品工业的残渣及废料；配制的饲料
77 
681 
349 
2107 
1627 
6698 
6144 
24462 
227 
1519 
34459 
165620 
-
5 
2420 
10130 
-
53 
1055 
5270 
1100 
5043 
112 
524 
541 
2131 
15357 
70851 
2095 
13361 
655 
3525 
32 
265 
11812 
52238 
1428 
6870 
127 
340 
291 
1808 
34464 
148472 
1906 
8479 
2089 
8445 
5241 
20114 
8614 
34924 
796 
3559 
980 
5824 
9248 
46582 
665 
2544 
-
38 
1323 
4003 
1253 
5260 
-
105 
181 
1693 
2255 
11235 
600 
2669 
569 
2514 
1019 
9224 
1447 
6496 
1741 
8329 
27781 
120201 
972 
4226 
257 
580 

24章 烟草、烟草及烟草代用品的制品
1036 
2995 
15554 
57950 
934 
1555 
9165 
42820 
2083 
8163 
2699 
10347 
1781 
6367 
11687 
22501 
-
-
-
48 
2983 
13008 
-
-
1154 
11082 
821 
1537 
240 
646 
-
-
3726 
13504 
3902 
10869 
1016 
1825 
-
300 
387 
2983 
13335 
67677 
9609 
46719 
2 
86 
784 
3355 
202 
3968 
459 
3975 
-
-
290 
2169 
16 
113 
-
-
-
0 
1 
91 
245 
656 
0 
9 
679 
2532 
11 
960 
-
-
1 
1 
588 
659 
1719 
5007 
673 
2304 
1465 
4178 
182 
352 

第5类 矿产品 
11335 
42255 
254314 
1224628 
33175 
139705 
24328 
156117 
7397 
22711 
47832 
452144 
34427 
153285 
17632 
191471 
22482 
34181 
1442 
5395 
89244 
336115 
2222 
22523 
169621 
945834 
73832 
440823 
28492 
82637 
5863 
26388 
28580 
133681 
59024 
302902 
35438 
110950 
1171 
3125 
6757 
25611 
87303 
335143 
21459 
32463 
550 
2507 
9520 
32384 
11704 
57454 
6196 
21903 
4917 
26586 
12878 
67431 
2588 
10542 
300 
1449 
683 
3420 
2275 
10140 
98 
293 
552 
2165 
9898 
47337 
178 
4697 
538 
7546 
4919 
36648 
563 
4093 
13927 
31968 
77733 
329275 
49316 
358833 
1137 
5609 

25章 盐；硫磺；土及石料；石灰及水泥等
435 
3568 
10189 
49496 
10479 
31554 
4311 
21789 
1010 
4199 
26580 
112640 
3146 
20595 
5510 
27516 
1072 
4498 
645 
1891 
4539 
17806 
1235 
14173 
4639 
19716 
13946 
77349 
5495 
24689 
1965 
7047 
1656 
4118 
2807 
12311 
9586 
43653 
138 
265 
1732 
6671 
17636 
82776 
1204 
5473 
72 
405 
1196 
4877 
1849 
9821 
252 
2439 
1751 
12232 
7798 
31401 
1607 
6007 
-
41 
72 
502 
199 
824 
98 
265 
2 
11 
2552 
10632 
125 
805 
50 
1050 
1037 
4001 
136 
1551 
360 
1856 
16144 
85067 
2419 
14620 
839 
2139 

26章 矿砂、矿渣及矿灰
0 
1 
390 
2111 
699 
1466 
334 
1039 
1732 
2743 
913 
6965 
1547 
4709 
378 
1672 
38 
46 
142 
383 
44 
212 
406 
2459 
20 
265 
3403 
8937 
18 
2918 
6 
254 
1797 
7287 
442 
1508 
2959 
11095 
-
20 
-
81 
1384 
4417 
-
419 
4 
18 
423 
1450 
105 
424 
-
-
2 
93 
587 
848 
-
0 
-
-
-
-
254 
1084 
-
2 
-
-
5 
34 
26 
71 
27 
227 
59 
344 
24 
244 
3 
44 
278 
2292 
143 
350 
5 
25 

27章 矿物燃料、矿物油及其产品；沥青等 
10900 
38685 
243735 
1173021 
21997 
106684 
19683 
133289 
4655 
15770 
20339 
332539 
29733 
127980 
11744 
162284 
21372 
29636 
656 
3121 
84662 
318097 
582 
5891 
164961 
925853 
56483 
354537 
22978 
55030 
3892 
19087 
25127 
122276 
55774 
289082 
22893 
56203 
1033 
2840 
5025 
18859 
68283 
247950 
20255 
26570 
475 
2084 
7901 
26057 
9751 
47208 
5943 
19464 
3165 
14261 
4494 
35182 
981 
4536 
300 
1408 
612 
2918 
1822 
8233 
-
26 
551 
2154 
7341 
36671 
27 
3821 
461 
6270 
3822 
32303 
402 
2298 
13563 
30068 
61311 
241916 
46754 
343863 
292 
3445 

第6类 化学工业及其相关工业的产品
23779 
88703 
122256 
560282 
583500 
2381968 
211339 
910903 
57817 
226440 
381113 
1747511 
5119 
31471 
170542 
679069 
12424 
46094 
103416 
384444 
79759 
366167 
28456 
147049 
86527 
370390 
381259 
1713975 
192622 
859080 
70696 
342912 
43842 
212695 
177108 
772263 
272363 
1200285 
14035 
47771 
46208 
190456 
904157 
4355332 
82594 
393944 
9542 
53482 
97188 
463201 
170022 
793697 
63013 
306317 
96139 
450756 
157111 
799762 
99261 
464499 
2566 
14196 
4436 
20137 
7018 
31785 
5129 
25770 
31221 
169651 
85813 
415291 
13006 
97098 
51926 
258889 
170341 
680042 
26739 
135580 
45357 
199938 
704212 
3147832 
120189 
690753 
14050 
83746 

28章 无机化学品；贵金属等的化合物
1420 
7398 
13572 
57534 
36201 
140778 
27973 
123672 
4154 
26157 
98123 
434027 
245 
1364 
26825 
112966 
737 
3077 
7924 
30191 
9163 
47372 
4928 
27057 
6435 
28370 
97148 
438526 
30525 
152116 
9007 
38577 
7467 
35738 
21927 
98436 
35286 
164988 
1016 
5734 
8753 
33730 
75164 
378001 
5075 
30559 
498 
2311 
8715 
45246 
13379 
67919 
6126 
33637 
6682 
32595 
18236 
84892 
7373 
33011 
233 
1429 
221 
1025 
765 
3556 
392 
2022 
1642 
5261 
13306 
55348 
1358 
6393 
2164 
15820 
10539 
51366 
2302 
15461 
6188 
25237 
59183 
246697 
11361 
63167 
2586 
9441 

29章 有机化学品
5000 
22759 
13352 
60344 
365732 
1553851 
67052 
285442 
18873 
86740 
159203 
733256 
2595 
17527 
34706 
141497 
10247 
36750 
49347 
184809 
15409 
68024 
9359 
52622 
36945 
165831 
123375 
594215 
53759 
236078 
33950 
172644 
12488 
59195 
50834 
229370 
67307 
292072 
1582 
10015 
17549 
76271 
532736 
2664977 
55632 
270632 
3434 
28577 
41686 
210860 
101281 
496556 
30900 
145035 
61830 
298962 
100580 
528720 
69430 
327783 
1064 
6504 
1825 
9532 
1316 
9506 
1338 
9676 
25652 
137762 
38813 
193848 
4485 
23576 
30824 
169049 
99146 
419412 
8637 
45186 
20703 
91424 
341785 
1560773 
26791 
172887 
3446 
19878 

30章 药品
1657 
8591 
16894 
78251 
13213 
65859 
4258 
17220 
1314 
7851 
14674 
66226 
111 
715 
5425 
26774 
258 
738 
6038 
24726 
7745 
27651 
1949 
7936 
3426 
12775 
32833 
121283 
11701 
65563 
1793 
13325 
1016 
5180 
3904 
17091 
1826 
7617 
413 
928 
2888 
8802 
79253 
365522 
2951 
14409 
2585 
6871 
14121 
61642 
13905 
60353 
10580 
58414 
6620 
33675 
5354 
32418 
4189 
19445 
150 
3006 
426 
1149 
1183 
5764 
1106 
4146 
1484 
13959 
2000 
9878 
486 
2881 
761 
5992 
6626 
30227 
1597 
8353 
4246 
23362 
79022 
332411 
29391 
127416 
1877 
9308 

31章 肥料
9047 
21793 
80 
385 
94524 
308935 
23686 
123374 
590 
1386 
9073 
56844 
5 
31 
9765 
52395 
85 
462 
7370 
20227 
9728 
49114 
527 
1531 
445 
1838 
12178 
64071 
16093 
55143 
770 
7670 
536 
2258 
28359 
123722 
4011 
15313 
-
-
2759 
10196 
1510 
17148 
168 
2504 
19 
177 
67 
448 
26 
585 
99 
162 
262 
4380 
20 
116 
428 
6295 
-
-
9 
30 
-
10 
-
6 
-
-
202 
1591 
7 
275 
2113 
8699 
19324 
45076 
2198 
14098 
86 
1891 
12930 
74213 
17086 
135098 
807 
24643 

32章 鞣料；着色料；涂料；油灰；墨水等
466 
2005 
13705 
54391 
26238 
108544 
30328 
128971 
7539 
30014 
14431 
63641 
879 
4613 
12007 
40202 
134 
1010 
12371 
46900 
6169 
26542 
1565 
8453 
7552 
32060 
24579 
94199 
15209 
64340 
12928 
49715 
2040 
13169 
21999 
83505 
18584 
74839 
690 
2174 
2026 
9741 
57509 
247521 
6005 
28984 
1001 
3272 
4867 
22280 
9994 
44866 
3145 
11667 
7247 
28979 
12942 
55792 
6588 
29410 
15 
243 
442 
1632 
552 
2083 
734 
1392 
862 
5951 
5331 
19226 
743 
3262 
1840 
8381 
9405 
44250 
1542 
7095 
3447 
11649 
30261 
130826 
3902 
14463 
499 
2252 

33章 精油及香膏；香料制品及化妆盥洗品
687 
2303 
16434 
83339 
5169 
25809 
8082 
29358 
344 
1778 
19506 
81458 
319 
2048 
5871 
24280 
17 
219 
1938 
7165 
5816 
22407 
2174 
9093 
8785 
37208 
4449 
21231 
10248 
36585 
1347 
6208 
6939 
27891 
2517 
11568 
7329 
33769 
267 
1697 
1843 
9698 
43529 
185403 
4124 
10273 
101 
1316 
13698 
59494 
5375 
23484 
5757 
26134 
3047 
13167 
3663 
19001 
3282 
12114 
41 
137 
136 
434 
330 
1337 
111 
707 
137 
1000 
3868 
20700 
463 
2131 
166 
1050 
1254 
5510 
2113 
8263 
2325 
8835 
51164 
239681 
6632 
27975 
1586 
4994 

34章 洗涤剂、润滑剂、人造蜡、塑型膏等
967 
4663 
11489 
55696 
5186 
19985 
4501 
19457 
2940 
11379 
11635 
58883 
327 
2119 
5333 
20996 
304 
2084 
3738 
14266 
4331 
20964 
1911 
12556 
3930 
17374 
4333 
20633 
4799 
23039 
1701 
6638 
3186 
14499 
6241 
25121 
6633 
29934 
1248 
5269 
1572 
6472 
21599 
92729 
1445 
6717 
652 
3406 
6377 
29054 
2778 
11431 
1517 
6154 
2186 
6731 
1977 
11178 
1141 
5163 
11 
56 
198 
537 
879 
2344 
188 
664 
67 
278 
2237 
10136 
523 
2561 
518 
4402 
986 
7629 
1941 
10170 
1788 
9181 
16280 
77116 
6912 
29507 
1364 
5970 

35章 蛋白类物质；改性淀粉；胶；酶 
807 
3386 
10367 
45874 
7601 
35524 
6172 
26974 
2432 
8295 
8367 
37878 
246 
1073 
5410 
22594 
101 
510 
1348 
5537 
4408 
19212 
965 
3294 
1899 
8261 
3924 
22567 
5792 
27522 
1657 
9466 
2170 
9162 
8144 
36312 
7228 
31806 
917 
3485 
2991 
9952 
14381 
67930 
489 
2695 
1034 
6359 
1695 
6856 
2397 
14495 
1471 
4184 
763 
3509 
1306 
7613 
1336 
5369 
64 
204 
259 
1276 
45 
216 
791 
3223 
115 
246 
5742 
22938 
832 
3528 
433 
2063 
2592 
9655 
1474 
4809 
1047 
4835 
17077 
67072 
1797 
9349 
193 
698 

36章 炸药；烟火；引火品；易燃材料制品
687 
1419 
206 
999 
17 
27 
6141 
13386 
-
0 
1756 
6748 
-
197 
426 
1165 
-
-
-
101 
-
708 
121 
182 
14 
387 
341 
1404 
1149 
8981 
147 
348 
13 
66 
4 
149 
758 
5059 
-
-
518 
1871 
14350 
28740 
-
11 
42 
208 
902 
1917 
6720 
9176 
1051 
4637 
1767 
2887 
694 
1260 
975 
4245 
353 
439 
254 
263 
88 
99 
42 
73 
59 
124 
75 
525 
2 
80 
2 
334 
190 
335 
110 
952 
1211 
5145 
32359 
133812 
916 
2738 
3 
47 

37章 照相及电影用品
227 
2197 
5783 
29775 
4667 
18137 
3191 
11803 
839 
5268 
4107 
14724 
123 
388 
1262 
5141 
15 
100 
1101 
3163 
1118 
4448 
312 
1066 
1867 
8902 
9094 
40653 
1998 
9952 
2405 
9447 
378 
2040 
2664 
12583 
3839 
18378 
581 
2605 
748 
2582 
5664 
28272 
216 
1586 
-
1 
269 
969 
796 
3233 
66 
326 
549 
2350 
1299 
6809 
526 
3838 
-
12 
73 
518 
1 
15 
19 
204 
-
7 
1704 
7222 
363 
2178 
182 
1572 
1175 
4077 
31 
490 
17 
125 
1999 
10162 
1255 
6369 
114 
637 

38章 杂项化学产品
2813 
12189 
20375 
93697 
24952 
104520 
29954 
131246 
18791 
47573 
40237 
193824 
269 
1396 
63511 
231060 
525 
1143 
12243 
47359 
15871 
79725 
4643 
23259 
15229 
57384 
69006 
295195 
41350 
179760 
4992 
28874 
7609 
43498 
30514 
134404 
119562 
526509 
7320 
15865 
4561 
21141 
58462 
279089 
6487 
25574 
175 
986 
4792 
24433 
13374 
61601 
2301 
15968 
5186 
23520 
11039 
51964 
3992 
17827 
638 
2166 
593 
3742 
1860 
6856 
408 
3659 
1203 
5062 
12535 
73878 
3745 
50232 
12923 
41528 
19104 
62506 
4794 
20701 
4300 
18253 
62152 
275069 
14147 
101783 
1574 
5878 

第7类 塑料及其制品；橡胶及其制品
19594 
99955 
288655 
1269735 
173236 
723393 
90828 
380076 
69752 
227230 
264091 
1214042 
5633 
24756 
122379 
485922 
8692 
31158 
63203 
265614 
84891 
360040 
95417 
407592 
62916 
290600 
135648 
594665 
106556 
457065 
55535 
230295 
92316 
365032 
140849 
598325 
79552 
342111 
24740 
81681 
40557 
175613 
758139 
3413772 
47411 
217933 
10023 
43998 
154962 
651376 
137190 
629814 
64030 
287004 
68670 
310533 
84336 
406175 
56603 
259719 
3345 
14262 
7358 
34675 
15729 
75173 
9608 
40181 
4212 
17456 
90011 
349053 
22141 
89338 
14247 
73985 
60606 
249319 
41880 
180780 
95724 
428808 
953562 
4304473 
128339 
561422 
19257 
84471 

39章 塑料及其制品 
13757 
67950 
264522 
1158293 
146028 
628787 
75557 
310871 
49910 
171252 
229304 
1056485 
5306 
23424 
104026 
424230 
4620 
17859 
44030 
198946 
69089 
291639 
57239 
265989 
55751 
259067 
113918 
500727 
89530 
382283 
46327 
194070 
54679 
238350 
121555 
517901 
68016 
294518 
20536 
67382 
25483 
116558 
560024 
2523441 
35589 
159422 
8200 
36143 
107266 
473005 
105219 
478621 
52411 
236695 
50781 
216768 
65981 
321085 
39040 
180850 
2869 
12371 
3813 
18025 
12800 
55312 
7231 
29337 
3520 
15407 
72325 
283878 
16405 
68858 
10646 
55107 
42742 
183970 
28898 
123150 
74433 
323288 
731519 
3324715 
92962 
414358 
13836 
62443 

40章 橡胶及其制品
5836 
32005 
24133 
111442 
27208 
94606 
15271 
69205 
19842 
55979 
34787 
157557 
328 
1332 
18353 
61692 
4072 
13299 
19173 
66667 
15802 
68401 
38178 
141603 
7166 
31533 
21730 
93938 
17025 
74782 
9209 
36225 
37638 
126682 
19294 
80423 
11536 
47592 
4205 
14299 
15075 
59056 
198114 
890331 
11822 
58511 
1823 
7855 
47697 
178371 
31971 
151192 
11619 
50309 
17889 
93764 
18356 
85090 
17563 
78869 
477 
1891 
3544 
16650 
2929 
19861 
2377 
10844 
692 
2049 
17686 
65175 
5737 
20481 
3602 
18879 
17864 
65349 
12983 
57630 
21291 
105520 
222042 
979758 
35376 
147064 
5421 
22028 

第8类 革、毛皮及制品；箱包；肠线制品
2300 
8030 
143738 
585432 
33883 
134601 
20826 
76106 
9815 
32390 
105837 
519311 
4025 
11557 
46433 
172335 
772 
2675 
14133 
50978 
22105 
98525 
38497 
114475 
38126 
156878 
60683 
271353 
20937 
91602 
5399 
19235 
42407 
144842 
32239 
113164 
18778 
71461 
23251 
78333 
11781 
55376 
435005 
1777238 
30385 
121314 
3625 
16027 
80550 
314097 
70948 
290379 
43036 
191807 
55187 
225530 
39809 
177939 
48838 
189018 
1535 
5745 
2830 
12084 
8716 
33891 
3710 
8682 
3361 
16426 
127970 
414437 
5066 
20674 
6587 
26688 
22186 
80667 
10432 
40372 
30523 
127340 
392815 
1640654 
25994 
137462 
2509 
11336 

41章 生皮（毛皮除外）及皮革
194 
912 
13166 
63202 
2462 
7980 
2028 
8540 
-
309 
859 
4980 
25 
100 
514 
1232 
-
-
72 
191 
413 
2757 
73 
491 
285 
927 
1232 
4292 
1429 
7921 
107 
361 
36 
78 
10564 
40176 
549 
1707 
-
-
0 
58 
2311 
8082 
0 
0 
-
-
33 
188 
20 
488 
50 
120 
1049 
4247 
9 
123 
781 
1838 
2 
7 
-
-
3 
3 
2 
82 
0 
1 
723 
1484 
166 
908 
148 
299 
41 
57 
-
118 
15 
77 
1361 
5560 
25 
99 
7 
108 

42章 皮革制品；旅行箱包；动物肠线制品
689 
4614 
122575 
494001 
31197 
126070 
18173 
66372 
9815 
32081 
104339 
511718 
2313 
9387 
45905 
171071 
772 
2675 
14044 
50576 
21656 
95643 
38375 
113641 
37830 
155906 
54896 
249870 
18802 
81296 
4931 
17677 
42258 
144387 
9794 
35896 
18188 
69578 
22099 
70279 
11781 
55310 
421934 
1737263 
30180 
120906 
3148 
13687 
80063 
312617 
68232 
283206 
41858 
189358 
51097 
211633 
39533 
176681 
47177 
185409 
1528 
5673 
2682 
11108 
8181 
31719 
3709 
8590 
3249 
16046 
27720 
106248 
4463 
19211 
6438 
26388 
22145 
80530 
10426 
40192 
30206 
126346 
387886 
1627425 
23853 
129564 
2361 
10718 

43章 毛皮、人造毛皮及其制品 
1417 
2504 
7997 
28228 
223 
551 
626 
1193 
-
-
640 
2614 
1687 
2069 
13 
33 
-
-
17 
212 
35 
125 
48 
343 
11 
45 
4554 
17191 
705 
2385 
362 
1197 
114 
377 
11880 
37093 
42 
176 
1152 
8054 
0 
9 
10760 
31893 
206 
408 
477 
2340 
454 
1292 
2696 
6684 
1128 
2329 
3041 
9649 
267 
1136 
880 
1772 
5 
66 
147 
976 
533 
2170 
-
10 
113 
380 
99527 
306706 
437 
555 
0 
1 
-
80 
6 
62 
303 
916 
3568 
7669 
2116 
7799 
142 
510 

第9类 木及制品；木炭；软木；编结品 
1728 
7817 
17868 
73697 
17080 
57172 
4992 
20493 
5101 
20941 
91894 
406450 
4891 
20884 
11466 
52572 
3236 
9802 
3833 
13741 
28569 
102861 
17879 
79431 
12269 
47121 
35798 
144939 
12307 
45678 
3876 
14969 
27710 
121924 
15783 
67005 
17044 
63018 
412 
1473 
3898 
18566 
170846 
764211 
13603 
59702 
2158 
10675 
50142 
217752 
29352 
122672 
12625 
57568 
11783 
53245 
18483 
93208 
9253 
46639 
442 
1875 
637 
3185 
3504 
17188 
3936 
14090 
1007 
4459 
9964 
35821 
1073 
3310 
1396 
6122 
2108 
9517 
4645 
19104 
28886 
122364 
247396 
1002818 
21583 
95443 
1982 
9001 

44章 木及木制品；木炭 
1715 
7551 
17063 
70846 
16776 
56404 
4964 
20216 
4959 
20467 
72517 
328203 
4879 
20840 
10583 
49285 
3230 
9733 
3768 
13597 
28441 
102522 
17445 
77752 
11534 
43503 
32557 
132090 
11997 
44506 
3382 
12290 
26733 
117500 
14443 
59532 
14770 
56172 
400 
1384 
3594 
16228 
144250 
605065 
12649 
53344 
1872 
8418 
45595 
188526 
24066 
97721 
9596 
43233 
8887 
35199 
15500 
70961 
6607 
28356 
345 
1580 
454 
2109 
2865 
14354 
3898 
13669 
846 
3888 
9131 
32121 
1021 
2977 
1240 
5556 
1878 
8851 
4466 
18374 
26411 
110444 
229147 
915526 
20992 
92088 
1896 
8126 

45章 软木及软木制品
-
0 
20 
92 
0 
11 
2 
41 
-
10 
140 
674 
-
-
42 
141 
-
-
7 
7 
-
7 
48 
51 
12 
87 
50 
247 
8 
28 
-
1 
9 
70 
6 
15 
19 
60 
-
7 
3 
3 
346 
1622 
13 
83 
13 
27 
42 
170 
112 
536 
35 
142 
22 
158 
32 
142 
26 
93 
10 
51 
2 
2 
24 
131 
1 
6 
1 
5 
49 
185 
0 
1 
1 
4 
8 
14 
-
14 
33 
254 
521 
2205 
40 
184 
3 
23 

46章 编结材料制品；篮筐及柳条编结品
13 
266 
785 
2758 
305 
756 
26 
236 
142 
464 
19237 
77573 
12 
44 
841 
3146 
6 
69 
59 
137 
128 
331 
385 
1628 
724 
3532 
3191 
12601 
303 
1144 
493 
2678 
968 
4355 
1335 
7458 
2256 
6786 
11 
82 
301 
2335 
26250 
157524 
941 
6275 
272 
2230 
4505 
29056 
5174 
24415 
2995 
14192 
2875 
17889 
2952 
22104 
2620 
18189 
86 
244 
181 
1075 
615 
2703 
37 
416 
160 
566 
784 
3515 
51 
332 
155 
562 
222 
652 
179 
717 
2442 
11666 
17727 
85087 
551 
3171 
83 
851 

第10类 纤维素浆；废纸；纸、纸板及其制品
4748 
21185 
120654 
532039 
36677 
137225 
18003 
74540 
26964 
93423 
71467 
331784 
3013 
42970 
52906 
185073 
2167 
7366 
18087 
75561 
21297 
95130 
29655 
150436 
29552 
169412 
32452 
147900 
23009 
109983 
23624 
114634 
21373 
88002 
44061 
188537 
26163 
116411 
2463 
8446 
8312 
36748 
157663 
673603 
7792 
34182 
1996 
8875 
48431 
201978 
21106 
88160 
12426 
59129 
12391 
50118 
16014 
76709 
12097 
44478 
376 
2449 
1202 
4977 
3723 
15325 
2004 
7695 
1080 
3292 
13669 
54464 
2989 
14819 
2230 
10132 
8951 
40318 
6345 
23253 
18797 
81550 
184524 
831575 
45057 
193963 
5287 
25050 

47章 木浆等纤维状纤维素浆；废纸及纸板 
-
-
5 
174 
78 
313 
122 
944 
1180 
5215 
818 
2717 
-
-
-
225 
-
-
2 
27 
-
206 
-
18 
-
-
897 
5536 
892 
2894 
-
-
77 
98 
6 
8 
9 
23 
-
-
126 
434 
2232 
11321 
274 
1644 
-
-
194 
516 
437 
1335 
42 
667 
207 
1002 
880 
5072 
-
27 
-
-
0 
523 
-
61 
-
-
-
-
25 
57 
45 
161 
-
-
-
336 
-
-
14 
43 
59 
292 
2 
28 
-
-

48章 纸及纸板；纸浆、纸或纸板制品
4288 
19097 
77446 
349565 
34339 
129468 
17436 
71537 
25199 
86167 
66334 
296962 
2581 
12355 
51627 
179463 
2090 
7166 
17661 
72472 
20328 
90958 
28797 
141174 
28245 
162985 
29980 
132916 
21601 
103786 
23145 
112539 
20636 
84626 
41522 
179608 
24858 
110631 
2138 
7687 
7709 
33484 
120057 
508158 
5857 
24818 
1832 
7635 
30259 
127634 
15084 
64956 
9824 
43432 
11285 
44684 
13327 
60376 
9507 
34944 
188 
1429 
1031 
3882 
3293 
13343 
1906 
7445 
733 
2680 
11854 
47162 
2897 
14427 
1895 
8018 
8130 
36327 
5868 
21422 
16270 
70073 
131450 
584409 
38291 
166395 
4789 
22603 

49章 印刷品；手稿、打字稿及设计图纸
460 
2088 
43204 
182300 
2260 
7445 
445 
2059 
584 
2041 
4314 
32105 
432 
30615 
1279 
5385 
78 
200 
423 
3062 
969 
3966 
858 
9244 
1308 
6428 
1574 
9448 
516 
3304 
479 
2095 
660 
3277 
2533 
8921 
1296 
5757 
325 
759 
478 
2830 
35375 
154124 
1661 
7720 
164 
1240 
17978 
73828 
5585 
21869 
2560 
15030 
900 
4431 
1807 
11260 
2590 
9507 
188 
1020 
171 
572 
430 
1921 
98 
250 
348 
612 
1790 
7245 
47 
230 
335 
2115 
820 
3654 
477 
1831 
2513 
11434 
53014 
246874 
6763 
27541 
498 
2447 

第11类 纺织原料及纺织制品
75775 
312269 
819082 
3653995 
273689 
1050554 
262397 
1111803 
102340 
387694 
922757 
4940958 
16887 
47771 
259112 
964637 
12546 
46375 
215099 
812115 
368843 
1429531 
298123 
885594 
116042 
480609 
453263 
2055429 
161249 
730280 
126489 
498280 
462763 
1849024 
708287 
3342508 
83934 
370513 
121943 
390392 
106498 
570771 
2646523 
10917042 
118793 
478361 
59423 
263515 
656874 
2633625 
446156 
1909423 
271865 
1020875 
280633 
1086897 
225490 
948525 
224845 
976321 
9885 
41246 
34065 
137359 
56622 
238763 
22308 
93359 
16052 
59113 
324958 
1301461 
34060 
148640 
35087 
186731 
133899 
646394 
161086 
745320 
199185 
820360 
2264967 
9717293 
251051 
1334112 
38132 
224957 

50章 蚕丝 
612 
2355 
5404 
19516 
16260 
64385 
1434 
3609 
-
710 
5057 
21080 
-
-
1358 
7258 
-
2 
11695 
54416 
157 
560 
26 
91 
766 
2102 
3422 
16343 
299 
935 
2142 
7822 
1800 
6815 
2717 
10116 
193 
552 
-
-
1 
8 
17979 
78867 
95 
559 
50 
67 
754 
2972 
1894 
7511 
1039 
3930 
9407 
47002 
131 
445 
247 
679 
14 
14 
0 
2 
0 
16 
4042 
13980 
7 
473 
131 
1432 
-
15 
32 
484 
647 
2835 
-
3 
93 
289 
1836 
7829 
176 
689 
84 
237 

51章 羊毛等动物毛；马毛纱线及其机织物
2436 
5809 
28750 
117956 
2654 
9169 
4677 
21736 
670 
838 
17377 
66162 
168 
334 
798 
1178 
209 
209 
1249 
2580 
1576 
3163 
894 
1803 
552 
630 
9825 
40656 
3199 
15001 
4428 
16589 
522 
1092 
14720 
59721 
1096 
4032 
1369 
1434 
130 
241 
29354 
132864 
606 
2315 
175 
670 
2491 
11286 
5587 
24501 
61 
271 
17671 
87161 
518 
637 
627 
1135 
1 
1 
2 
33 
1 
71 
102 
137 
87 
169 
972 
2800 
149 
413 
-
88 
39 
374 
-
159 
1729 
5912 
2743 
8079 
1366 
4712 
531 
2463 

52章 棉花
10830 
44771 
87032 
439854 
13734 
52380 
29259 
134613 
9536 
36635 
7631 
33070 
463 
2122 
11169 
55940 
486 
1401 
17655 
97375 
92979 
417079 
790 
5123 
3235 
15370 
22481 
101139 
12821 
58550 
7016 
34155 
17440 
67127 
93814 
448227 
1899 
7707 
7146 
29527 
4578 
15839 
30959 
151798 
1556 
5304 
185 
981 
1410 
9433 
4906 
24773 
545 
3638 
10633 
54647 
1929 
8855 
2990 
13599 
35 
212 
261 
2228 
13 
76 
466 
2085 
1 
105 
6766 
31531 
615 
5442 
2601 
15385 
4060 
12871 
2657 
10713 
827 
3452 
15362 
62355 
1481 
5517 
380 
1140 

53章 其他植物纤维；纸纱线及其机织物
28 
1352 
4546 
46575 
7862 
29297 
349 
7843 
4 
57 
1710 
10690 
17 
25 
36 
267 
-
-
163 
676 
85 
1336 
3 
17 
65 
124 
9873 
68270 
266 
3241 
505 
6508 
187 
865 
996 
13673 
81 
370 
-
1 
450 
984 
9353 
47937 
726 
2013 
64 
125 
161 
2065 
1014 
2580 
100 
885 
2753 
15579 
1073 
3818 
612 
2340 
-
9 
-
113 
18 
80 
65 
319 
3 
6 
150 
717 
21 
241 
150 
762 
438 
1512 
37 
422 
100 
524 
1971 
9212 
152 
437 
26 
61 

54章 化学纤维长丝
12582 
51023 
20108 
95094 
32512 
123141 
55000 
249983 
24594 
97688 
11293 
50216 
49 
361 
24583 
91860 
1397 
3816 
66965 
262040 
21391 
87892 
13409 
60686 
4035 
17414 
34517 
142119 
21659 
92011 
35128 
136047 
38266 
135024 
104709 
425054 
5341 
26533 
1963 
5549 
12836 
45871 
120680 
548756 
7877 
37131 
706 
2912 
11010 
50363 
20877 
101416 
3981 
15717 
22337 
98719 
8669 
41805 
13201 
51263 
114 
495 
2155 
11155 
574 
2894 
3147 
14619 
38 
245 
21348 
80801 
5650 
28558 
4756 
19507 
34387 
121652 
6083 
21064 
4866 
20185 
33971 
141388 
4427 
18407 
1976 
9217 

55章 化学纤维短纤
15769 
77629 
21168 
91341 
20809 
98081 
39485 
145165 
15950 
53435 
7883 
31620 
516 
699 
6095 
25692 
639 
2633 
41856 
145372 
12446 
50602 
3152 
12393 
2239 
9156 
17162 
79200 
9950 
46203 
18604 
72526 
16279 
64823 
134652 
688060 
3841 
14759 
2336 
8675 
5718 
23665 
53119 
234572 
2734 
10985 
81 
716 
4489 
25491 
9280 
37871 
2587 
10729 
11690 
45835 
2014 
12236 
5334 
24969 
55 
229 
1046 
6755 
58 
354 
1195 
4529 
280 
1046 
10334 
45216 
1964 
12556 
4351 
17433 
25483 
75869 
2669 
11729 
2017 
8938 
31260 
134391 
1509 
6100 
152 
1106 

56章 絮胎、毡呢及无纺织物；线绳制品等
2813 
12624 
9587 
41969 
6765 
29433 
7469 
33958 
1688 
6121 
27510 
117180 
119 
605 
8025 
30189 
49 
1022 
7492 
28864 
10205 
43219 
4256 
16582 
2956 
10924 
22328 
93716 
3993 
23835 
2685 
12367 
3244 
12443 
28657 
122865 
4326 
19292 
2858 
6806 
1628 
7360 
40590 
181515 
1410 
7147 
787 
4006 
5095 
23432 
5717 
28823 
3044 
11642 
6486 
27884 
3544 
17954 
4502 
19236 
106 
651 
184 
1458 
1369 
6049 
547 
1884 
92 
566 
3692 
18775 
547 
3387 
880 
3176 
3626 
13518 
2100 
7410 
3504 
15362 
36301 
165349 
6513 
27028 
824 
3355 

57章 地毯及纺织材料的其他铺地制品
509 
3139 
2684 
14961 
2961 
12532 
2385 
8446 
386 
958 
14802 
74745 
325 
3174 
8717 
28842 
237 
1067 
614 
2742 
1532 
5729 
5567 
21624 
2251 
8765 
3620 
16132 
2573 
10682 
495 
3613 
4066 
15563 
2815 
11891 
1565 
7422 
3602 
8388 
621 
2386 
25605 
116040 
1345 
6323 
144 
1040 
6479 
26745 
3887 
18235 
3133 
11653 
1835 
8516 
2027 
10800 
2199 
13260 
323 
1428 
167 
867 
1183 
4611 
214 
742 
411 
1146 
1486 
6009 
107 
482 
172 
750 
1269 
7269 
1733 
6619 
2592 
11244 
31656 
133389 
7755 
31190 
1044 
4277 

58章 特种机织物；簇绒织物；刺绣品等
3026 
12254 
35986 
158063 
9446 
39252 
8801 
39241 
7126 
23054 
3764 
17410 
38 
180 
4417 
15840 
144 
864 
6647 
23226 
15987 
51157 
6876 
21002 
1097 
7085 
2803 
12876 
2738 
12685 
7207 
30828 
13848 
46040 
22342 
94471 
1361 
5214 
969 
1824 
1673 
7116 
33175 
146726 
2015 
9343 
218 
948 
4733 
22507 
5860 
23971 
1867 
9898 
5377 
25649 
2401 
9940 
3333 
12193 
38 
194 
74 
1455 
230 
1115 
941 
2771 
152 
461 
3402 
15318 
1052 
4539 
784 
3599 
4294 
20971 
1295 
5438 
2426 
9100 
20641 
93229 
1315 
4795 
167 
766 

59章 浸、包或层压织物；工业用纺织制品
3659 
15086 
20501 
95110 
50836 
180139 
24560 
102026 
5448 
25818 
11318 
48122 
37 
145 
7940 
29092 
128 
649 
10819 
37359 
7814 
47330 
3488 
11844 
2671 
12961 
9651 
42782 
15309 
71395 
10569 
48622 
3725 
17056 
39902 
174500 
3561 
16019 
1110 
2786 
5029 
20555 
44244 
203273 
812 
4502 
296 
1642 
4064 
17075 
6460 
33374 
1468 
6845 
7216 
29315 
4383 
20541 
3612 
19346 
77 
348 
522 
3632 
446 
2155 
1416 
5578 
95 
483 
12903 
51322 
2276 
9145 
2315 
8986 
8652 
33391 
2172 
9450 
2632 
11349 
34008 
147792 
4837 
21453 
653 
2569 

60章 针织物及钩编织物
15661 
52405 
85545 
428948 
37807 
135696 
43110 
176356 
12164 
38282 
2614 
9869 
1166 
5794 
8183 
35349 
1300 
3292 
21948 
63847 
19928 
81823 
5179 
18021 
2546 
9857 
6377 
29915 
11667 
50795 
15143 
54583 
18003 
55165 
159128 
648712 
418 
1638 
411 
2129 
11054 
42554 
53235 
209558 
1879 
7495 
286 
1147 
8695 
36794 
5491 
26665 
3138 
10527 
12216 
40378 
3389 
17043 
5614 
20939 
130 
312 
1283 
4962 
110 
463 
414 
3364 
8 
44 
11097 
42544 
3828 
13722 
8366 
30300 
12520 
53395 
5422 
21201 
3481 
13829 
53304 
189084 
1646 
6334 
227 
1102 

61章 针织或钩编的服装及衣着附件
2548 
7982 
257490 
1029703 
25411 
89990 
15309 
56791 
11885 
50132 
350116 
2018097 
2161 
9166 
64091 
227821 
4611 
18060 
10356 
35856 
95992 
337121 
80510 
268032 
47096 
200045 
152290 
643891 
30146 
132618 
7730 
20839 
182586 
757496 
26360 
221814 
26228 
112093 
46902 
150425 
29402 
204300 
924555 
3514967 
46073 
165695 
22481 
84173 
281496 
1037397 
146982 
573348 
105378 
354646 
68586 
241842 
75545 
323511 
69343 
285528 
4508 
16156 
15579 
55777 
21540 
83848 
2778 
10742 
8013 
23244 
123040 
451480 
3997 
16925 
1788 
26846 
11478 
117772 
60737 
292943 
65214 
269774 
811451 
3273624 
109047 
578444 
13365 
96613 

62章 非针织或非钩编的服装及衣着附件
716 
3638 
201385 
921354 
11785 
61306 
21479 
99765 
6830 
32053 
327598 
1826915 
10898 
21467 
85172 
308807 
2461 
9995 
10487 
31197 
65120 
199779 
152481 
371878 
32404 
125819 
126147 
622802 
14868 
59909 
11369 
33384 
126459 
511406 
69614 
369317 
23924 
110230 
24750 
79372 
25016 
162015 
962184 
3976941 
35041 
147559 
28357 
134218 
263716 
1083074 
162348 
703908 
118660 
459199 
87383 
290173 
90689 
327168 
82775 
394661 
3120 
14490 
11305 
40195 
22405 
98753 
1278 
6029 
5494 
24020 
89011 
382117 
9604 
32561 
5182 
44850 
19958 
154934 
59480 
284311 
75227 
300884 
764402 
3485294 
72082 
421582 
12489 
70978 

63章 其他纺织制品；成套物品；旧纺织品
4587 
22202 
38896 
153551 
34846 
125754 
9079 
32272 
6061 
21913 
134083 
615783 
929 
3699 
28528 
106504 
885 
3367 
7153 
26565 
23629 
102740 
21493 
76498 
14128 
60357 
32768 
145587 
31763 
152419 
3469 
20398 
36337 
158109 
7860 
54087 
10099 
44653 
28527 
93474 
8363 
37877 
301489 
1373228 
16626 
71991 
5594 
30871 
62279 
284991 
65854 
302448 
26865 
121293 
17042 
74197 
29178 
153772 
30455 
117173 
1364 
6705 
1488 
8729 
8675 
38279 
5706 
26579 
1371 
7105 
40626 
171399 
4250 
20652 
3711 
14563 
7047 
30031 
16701 
73858 
34477 
149518 
426059 
1866278 
38745 
207426 
6214 
31072 

第12类 鞋帽伞等；羽毛品；人造花；人发品
4451 
18519 
113124 
477504 
58614 
226341 
30224 
121997 
12784 
50996 
160367 
847492 
2843 
9828 
91855 
281241 
2466 
12432 
46883 
122766 
73067 
270330 
36512 
120700 
46206 
208117 
107661 
438563 
33595 
141275 
13365 
55490 
94313 
373130 
48915 
273294 
21651 
88222 
49271 
282793 
42312 
227320 
688733 
3269713 
67288 
270089 
6293 
33684 
160161 
798772 
124648 
570938 
63733 
254772 
49767 
262069 
66678 
313881 
55822 
289749 
1986 
10482 
4769 
21284 
12023 
52167 
4413 
21061 
4440 
23547 
76733 
478905 
8836 
45405 
9179 
46530 
13033 
61501 
38971 
166337 
45479 
219309 
861670 
3865359 
42239 
233349 
5468 
32035 

64章 鞋靴、护腿和类似品及其零件
2148 
11104 
86939 
384902 
41642 
159070 
24783 
97761 
9405 
36658 
120854 
640054 
2513 
8429 
82735 
246859 
2184 
11536 
44032 
111733 
60134 
224759 
30921 
99533 
39386 
181174 
76160 
309557 
23836 
101116 
10421 
37670 
88005 
336022 
45752 
257975 
15586 
63750 
46319 
271692 
20561 
140863 
564083 
2610653 
60216 
230584 
5273 
26535 
138257 
686341 
104540 
458324 
52201 
187160 
36158 
195573 
51103 
239773 
43694 
224254 
1094 
5881 
3292 
13341 
8879 
34063 
3543 
17704 
3577 
18127 
64579 
416997 
8073 
40237 
6451 
36933 
3209 
15593 
35119 
148587 
35161 
165886 
655620 
2945384 
32503 
189794 
4125 
25806 

65章 帽类及其零件
279 
1079 
11495 
43335 
2895 
11257 
982 
4202 
1098 
5685 
13049 
86201 
159 
704 
3348 
11856 
70 
506 
1062 
4459 
2188 
10298 
2264 
7921 
1442 
6234 
12335 
45725 
1869 
9190 
1586 
10032 
2748 
13290 
723 
4369 
1432 
6156 
2082 
7772 
3940 
20517 
55797 
282221 
4609 
23604 
630 
3372 
9532 
49359 
8929 
49069 
5839 
26319 
6223 
27804 
6255 
25998 
6094 
32608 
547 
1972 
599 
3484 
2010 
10142 
139 
1007 
556 
2064 
7427 
30073 
235 
1661 
1024 
4630 
2572 
10659 
2054 
10179 
5737 
24066 
63661 
280726 
5171 
24088 
706 
3860 

66章 伞、手杖、鞭子、马鞭及其零件
1795 
5752 
7214 
23216 
9448 
40852 
2476 
12708 
771 
2080 
20261 
89163 
168 
636 
2045 
8296 
56 
106 
529 
2547 
9924 
32084 
768 
2501 
1024 
4395 
14076 
44076 
6140 
24971 
232 
1411 
1217 
4477 
1075 
5261 
4250 
16014 
635 
2082 
563 
2298 
26076 
194992 
1086 
8120 
182 
2706 
4364 
27400 
3947 
37299 
1372 
23549 
3512 
22271 
3516 
23003 
2731 
17561 
284 
2256 
806 
4173 
347 
3437 
479 
1361 
279 
2959 
2635 
8590 
153 
1914 
1021 
3027 
4535 
22907 
982 
4384 
1465 
15846 
20888 
159820 
1344 
6080 
278 
1003 

67章 加工羽毛及制品；人造花；人发制品
229 
584 
7476 
26051 
4629 
15162 
1982 
7326 
1510 
6573 
6203 
32075 
2 
59 
3727 
14230 
156 
284 
1260 
4027 
822 
3188 
2559 
10745 
4354 
16313 
5090 
39205 
1749 
5999 
1126 
6377 
2344 
19340 
1366 
5688 
383 
2302 
234 
1248 
17248 
63643 
42776 
181846 
1377 
7780 
208 
1073 
8007 
35672 
7232 
26246 
4321 
17744 
3874 
16421 
5804 
25107 
3303 
15327 
62 
373 
71 
286 
788 
4526 
252 
989 
28 
397 
2091 
23245 
376 
1594 
684 
1940 
2716 
12343 
816 
3187 
3115 
13511 
121500 
479428 
3222 
13387 
359 
1366 

第13类 矿物材料制品；陶瓷品；玻璃及制品
15601 
78472 
122220 
559043 
110170 
417347 
49278 
206998 
32015 
118833 
109491 
476032 
22485 
87741 
103197 
382262 
11038 
39323 
57717 
193898 
67306 
269879 
92560 
420531 
116191 
462630 
214300 
855420 
63308 
264239 
31231 
119728 
73871 
290065 
115549 
533968 
59193 
222640 
16959 
70114 
20655 
105096 
398818 
1674314 
26846 
110666 
7224 
30161 
68091 
287310 
79440 
320657 
25517 
116138 
26667 
118766 
41226 
206327 
37588 
152054 
1059 
4298 
2279 
13377 
7084 
28189 
7145 
28333 
1522 
6387 
32467 
134002 
7750 
32702 
9329 
38210 
17188 
86419 
19326 
92054 
52701 
228781 
368398 
1691444 
74516 
324804 
9923 
39489 

68章 矿物材料的制品
2604 
14671 
29646 
134588 
22105 
81791 
9400 
40519 
4554 
18127 
48162 
187969 
16841 
64227 
16713 
69208 
3159 
12641 
5166 
18524 
6825 
26938 
22786 
127799 
23153 
74636 
115669 
398477 
10916 
54154 
4322 
16562 
17007 
64907 
35332 
165112 
24984 
77739 
3266 
11108 
3436 
14302 
126469 
498995 
10904 
45150 
1054 
5733 
21437 
80633 
29827 
118162 
4875 
26985 
5186 
20330 
15355 
72544 
5615 
20990 
157 
627 
619 
2908 
1246 
6302 
3756 
13907 
213 
993 
12051 
51773 
2877 
11720 
3992 
11026 
3994 
16637 
2501 
10678 
13601 
52159 
92091 
419001 
18622 
66602 
2357 
9080 

69章 陶瓷产品 
10105 
51622 
16088 
85121 
40052 
150410 
23563 
97441 
15135 
54701 
29004 
134917 
2547 
9258 
54268 
194051 
6621 
20595 
35983 
115450 
44439 
178805 
51633 
211031 
79506 
317076 
55975 
261104 
31527 
120853 
10405 
36642 
37565 
146496 
52339 
231524 
12866 
54579 
8170 
33337 
11553 
64931 
145422 
622852 
10059 
42922 
2162 
8989 
25218 
113450 
24954 
97931 
11062 
45861 
10756 
48829 
16587 
83538 
19946 
78495 
286 
1103 
545 
4481 
2173 
7577 
1769 
7193 
599 
2557 
8782 
38205 
1832 
10130 
2571 
14502 
4075 
24385 
10855 
53829 
19372 
91888 
127179 
606412 
37596 
167328 
3495 
13669 

70章 玻璃及其制品
2892 
12179 
76486 
339335 
48012 
185147 
16316 
69038 
12326 
46006 
32325 
153146 
3097 
14257 
32215 
119004 
1258 
6086 
16568 
59924 
16042 
64136 
18141 
81701 
13532 
70918 
42656 
195839 
20865 
89232 
16504 
66524 
19299 
78662 
27878 
137331 
21344 
90321 
5523 
25668 
5666 
25863 
126928 
552467 
5883 
22594 
4008 
15440 
21437 
93227 
24659 
104564 
9581 
43292 
10725 
49607 
9284 
50245 
12027 
52569 
616 
2569 
1116 
5988 
3664 
14310 
1620 
7233 
710 
2837 
11634 
44024 
3041 
10852 
2766 
12683 
9119 
45396 
5971 
27547 
19727 
84735 
149128 
666031 
18298 
90873 
4070 
16740 

第14类 珠宝、贵金属及制品；仿首饰；硬币
3045 
37859 
587508 
2549520 
6881 
24110 
1886 
6336 
1993 
5711 
7271 
42863 
1573 
10146 
2083 
7197 
71 
186 
7054 
14799 
970 
3790 
4258 
15117 
5408 
27999 
7958 
31209 
3607 
13746 
2268 
9471 
17816 
65392 
603 
8476 
9964 
24790 
457 
1767 
1210 
4402 
72883 
292508 
22163 
94126 
190 
1212 
12614 
47651 
10178 
33481 
4819 
30264 
4507 
19113 
2253 
10670 
5692 
17753 
5037 
14167 
285 
929 
594 
3360 
211 
733 
6065 
28731 
3828 
25501 
218 
1258 
766 
2306 
4068 
16461 
919 
3619 
4603 
22164 
200691 
886107 
9684 
34681 
265 
802 

71章 珠宝、贵金属及制品；仿首饰；硬币
3045 
37859 
587508 
2549520 
6881 
24110 
1886 
6336 
1993 
5711 
7271 
42863 
1573 
10146 
2083 
7197 
71 
186 
7054 
14799 
970 
3790 
4258 
15117 
5408 
27999 
7958 
31209 
3607 
13746 
2268 
9471 
17816 
65392 
603 
8476 
9964 
24790 
457 
1767 
1210 
4402 
72883 
292508 
22163 
94126 
190 
1212 
12614 
47651 
10178 
33481 
4819 
30264 
4507 
19113 
2253 
10670 
5692 
17753 
5037 
14167 
285 
929 
594 
3360 
211 
733 
6065 
28731 
3828 
25501 
218 
1258 
766 
2306 
4068 
16461 
919 
3619 
4603 
22164 
200691 
886107 
9684 
34681 
265 
802 

第15类 贱金属及其制品
83107 
365537 
284260 
1218322 
274776 
1269990 
276504 
1159628 
88567 
516914 
400378 
1809040 
32764 
122245 
261616 
1088168 
30858 
120674 
154796 
644309 
301321 
1047049 
191578 
726103 
315033 
1007562 
638477 
2683565 
311521 
1462853 
100229 
501345 
180525 
652349 
556600 
2386562 
232836 
980042 
47510 
157558 
59785 
294729 
1187018 
5730299 
97972 
485961 
21272 
100488 
170407 
860294 
219700 
1031752 
83272 
380997 
137256 
723767 
133224 
682662 
89069 
416516 
6936 
29610 
13930 
69972 
27549 
136702 
15389 
65868 
6783 
29105 
141356 
587762 
30653 
111861 
18958 
85972 
74165 
328228 
79124 
348031 
146982 
698253 
1076215 
5200376 
172274 
816133 
23630 
106013 

72章 钢铁
45395 
206347 
53441 
182211 
69260 
427653 
110120 
504688 
13537 
152269 
45980 
194846 
6542 
13452 
61634 
262422 
15169 
51416 
70881 
323764 
186108 
583242 
103761 
294504 
38322 
200819 
302635 
1383483 
149785 
666348 
46477 
232044 
52238 
131429 
295036 
1147740 
102145 
467924 
6694 
14426 
14113 
72804 
158770 
889395 
45672 
204238 
1471 
6467 
3229 
45073 
9456 
42515 
4483 
12532 
47745 
322881 
6047 
36568 
17620 
104460 
5 
90 
826 
4186 
498 
3894 
1979 
11629 
79 
240 
17381 
62318 
15827 
45739 
1288 
8322 
15638 
72330 
26346 
109875 
12020 
58654 
26874 
151399 
10615 
55796 
1917 
7525 

73章 钢铁制品
22254 
95564 
84848 
385873 
93995 
373729 
78375 
312047 
32697 
202553 
169719 
790155 
17874 
74651 
87378 
327598 
12683 
56899 
44328 
192652 
61879 
251160 
45447 
240914 
68941 
330084 
187314 
765581 
75753 
426208 
32538 
162438 
67348 
269147 
77757 
334207 
28218 
128142 
19976 
73890 
21784 
107147 
410686 
2030560 
22023 
138253 
10727 
52794 
70933 
357669 
85528 
412476 
29557 
149632 
38865 
170523 
48408 
262816 
27920 
121710 
2588 
12443 
3865 
24461 
12381 
64756 
4786 
20081 
2954 
12532 
67702 
284013 
5420 
28509 
6933 
26956 
27960 
110706 
28714 
134430 
66391 
309217 
491864 
2465684 
80331 
403114 
11157 
51675 

74章 铜及其制品
475 
2186 
19515 
103274 
7818 
36508 
14310 
45523 
781 
3739 
13798 
68139 
273 
1189 
19641 
94587 
135 
523 
4645 
16329 
4470 
18840 
1543 
11368 
148246 
206147 
64622 
140895 
16189 
89509 
1637 
7394 
2782 
11290 
6645 
45108 
61926 
182993 
260 
618 
1504 
7668 
35869 
147743 
1396 
4370 
629 
2486 
5393 
21913 
6645 
28124 
3920 
15264 
3880 
15149 
2235 
10612 
3067 
14273 
224 
860 
1658 
5347 
848 
4433 
404 
1699 
363 
1609 
3098 
12434 
294 
1416 
1393 
10268 
880 
4780 
2064 
6020 
3047 
13757 
22303 
97341 
7241 
28696 
1129 
4945 

75章 镍及其制品
3 
16 
12477 
17054 
327 
2003 
601 
900 
288 
1036 
1496 
5148 
-
-
248 
1833 
-
-
158 
989 
13 
42 
63 
95 
92 
293 
1630 
7425 
160 
655 
8 
571 
430 
1551 
90 
707 
1108 
13806 
0 
101 
18 
56 
1452 
5476 
1 
21 
6 
6 
485 
1868 
500 
1033 
256 
1349 
72 
395 
10 
61 
9 
58 
26 
116 
-
5 
7 
92 
3 
3 
-
38 
90 
256 
28 
101 
32 
247 
113 
474 
0 
4 
219 
1329 
1293 
6622 
7 
56 
90 
104 

76章 铝及其制品
11344 
46683 
39724 
224686 
40904 
169424 
28156 
122015 
16012 
54760 
85306 
382693 
6976 
27779 
46643 
208645 
1373 
5776 
12928 
33294 
20477 
77378 
18675 
75917 
24645 
110043 
33295 
161235 
32168 
144046 
7443 
39970 
26320 
107814 
114623 
577937 
11596 
60637 
2221 
7884 
8807 
41590 
171793 
792016 
12770 
52320 
4004 
19185 
29205 
141353 
25915 
141695 
12545 
57389 
18283 
86650 
17046 
80366 
13651 
53270 
1349 
5057 
2854 
12070 
4309 
16604 
1622 
6043 
1023 
4389 
14088 
59004 
3322 
13525 
2402 
12280 
9053 
42043 
9841 
52274 
23777 
108633 
179782 
779108 
40595 
175931 
3989 
20105 

78章 铅及其制品
1 
4 
913 
1623 
-
29 
1427 
4035 
256 
556 
274 
1490 
-
1 
45 
988 
-
-
0 
346 
-
44 
-
2 
2 
17 
2 
42 
52 
584 
-
-
1 
20 
762 
7914 
1 
4533 
36 
75 
138 
440 
29 
165 
1 
2 
-
-
6 
52 
1 
17 
-
1 
0 
10 
-
7 
3 
49 
-
-
0 
0 
-
0 
-
-
-
0 
38 
42 
-
0 
-
-
-
0 
-
122 
0 
49 
80 
396 
0 
16 
-
17 

79章 锌及其制品
566 
1516 
1177 
5379 
2158 
4788 
1092 
2210 
339 
1056 
699 
3313 
0 
7 
746 
2934 
-
307 
603 
809 
451 
2911 
316 
2252 
775 
2156 
92 
488 
2792 
5801 
94 
273 
278 
4728 
2080 
3822 
311 
2701 
6 
11 
37 
1140 
1940 
9253 
20 
500 
23 
83 
333 
1493 
301 
1671 
421 
1238 
151 
725 
268 
1124 
131 
606 
2 
9 
11 
40 
39 
226 
28 
199 
7 
37 
154 
1680 
4 
66 
39 
248 
18 
123 
26 
437 
405 
1298 
1574 
10079 
1191 
3938 
389 
822 

80章 锡及其制品
1 
4 
306 
1202 
49 
265 
7 
51 
8 
162 
17 
283 
85 
181 
82 
433 
14 
14 
100 
165 
125 
154 
29 
61 
120 
376 
23 
213 
73 
222 
-
4 
12 
29 
356 
499 
250 
1484 
1 
3 
15 
1687 
656 
2888 
-
15 
-
1 
10 
262 
9 
46 
62 
65 
1 
9 
521 
2325 
-
11 
-
-
-
-
35 
37 
5 
27 
-
-
22 
59 
32 
59 
-
0 
10 
37 
16 
43 
5 
10 
686 
1362 
22 
140 
12 
46 

81章 其他贱金属、金属陶瓷及其制品
15 
173 
10204 
21997 
7893 
32212 
1523 
4538 
241 
1601 
17105 
67324 
-
0 
396 
2774 
2 
36 
402 
858 
336 
2867 
655 
3078 
263 
1298 
15125 
74930 
1073 
5359 
412 
6350 
1079 
4563 
401 
2343 
5444 
25417 
62 
863 
975 
6407 
39869 
238152 
1287 
12046 
24 
278 
4521 
23749 
5816 
30083 
1110 
5538 
2120 
12025 
18143 
109773 
980 
7426 
447 
2440 
105 
1075 
750 
4601 
1260 
6427 
95 
509 
5388 
16655 
559 
1627 
182 
912 
1919 
6719 
91 
343 
9089 
41023 
19093 
74445 
509 
2087 
36 
164 

82章 贱金属器具、利口器、餐具及零件
688 
3821 
19777 
88917 
24241 
105873 
14513 
60108 
11469 
48774 
32254 
136911 
269 
1339 
14363 
59222 
495 
1879 
7061 
25066 
10738 
44807 
7709 
38560 
11487 
59781 
18698 
86295 
13684 
52694 
5241 
25998 
12266 
49394 
25343 
116952 
10696 
46542 
6039 
18661 
5945 
24966 
182531 
812098 
8920 
44242 
1889 
7706 
25564 
117868 
46979 
204532 
15137 
71601 
11122 
51584 
24478 
103601 
10299 
49141 
1241 
4356 
2873 
14572 
3894 
21626 
2133 
8903 
1420 
5984 
15736 
71829 
2292 
10942 
3483 
13753 
10902 
51110 
5848 
22517 
14278 
84010 
160973 
790510 
14462 
62998 
1758 
7885 

83章 贱金属杂项制品
2365 
9223 
41878 
186106 
28131 
117506 
26379 
103512 
12940 
50408 
33729 
158736 
744 
3644 
30442 
126730 
987 
3825 
13689 
50035 
16725 
65604 
13379 
59351 
22140 
96549 
15039 
62978 
19794 
71426 
6381 
26303 
17773 
72382 
33507 
149334 
11141 
45862 
12216 
41025 
6448 
30825 
183422 
802553 
5883 
29954 
2500 
11482 
30729 
148994 
38550 
169559 
15781 
66386 
15017 
63816 
16067 
75409 
15388 
65511 
1055 
4239 
1739 
8216 
4787 
20436 
3167 
10857 
841 
3767 
17659 
79473 
2875 
9874 
3205 
12987 
7670 
39905 
6179 
21965 
17751 
80270 
171692 
823430 
17302 
83361 
3153 
12724 

第16类 机电、音像设备及其零件、附件
140605 
664472 
10307043 
47013626 
1473441 
6835168 
675590 
2981386 
318645 
1330181 
2666136 
13502211 
17975 
93299 
775409 
3074853 
38972 
149482 
400605 
1672328 
398089 
1848825 
278160 
1379755 
1071207 
4995022 
2213348 
11151136 
808072 
3854985 
491103 
2220614 
658884 
2929370 
996860 
4476599 
1156064 
5331774 
96782 
418071 
210958 
1023761 
7231542 
35614436 
197605 
883089 
80848 
385916 
872915 
4453298 
1539290 
7458211 
498956 
2365740 
569689 
2628275 
1432391 
7779354 
331085 
1557409 
77293 
375042 
62685 
296631 
126192 
551633 
89057 
411524 
54172 
257134 
693427 
2714833 
101545 
298092 
158335 
799677 
429765 
1918688 
191365 
857522 
400015 
1908969 
8922118 
40729914 
652508 
2925424 
64961 
310024 

84章 核反应堆、锅炉、机械器具及零件
54486 
251886 
2107515 
9986060 
634957 
2765070 
337627 
1558198 
188179 
831622 
1187095 
5556837 
7399 
32959 
300452 
1151385 
28511 
113911 
206356 
783617 
146827 
693225 
151950 
764630 
447527 
2078273 
550814 
2710147 
364850 
1654727 
250340 
1118568 
273741 
1277454 
424042 
1685017 
341611 
1380746 
59356 
259627 
88587 
467125 
3301719 
17064180 
118421 
502815 
36450 
192243 
371648 
2001249 
736861 
3737354 
217746 
1060955 
281337 
1381470 
654069 
3761926 
147700 
682166 
34611 
142920 
26660 
140652 
46883 
228892 
42861 
223156 
20353 
105207 
448958 
1573018 
31968 
135941 
65983 
346204 
149030 
684175 
67123 
301238 
202409 
927193 
4444171 
20106394 
331617 
1465771 
32680 
153729 

85章 电机、电气、音像设备及其零附件
86119 
412586 
8199528 
37027567 
838484 
4070098 
337963 
1423188 
130466 
498558 
1479041 
7945374 
10577 
60340 
474957 
1923468 
10461 
35570 
194250 
888711 
251262 
1155599 
126210 
615125 
623680 
2916749 
1662533 
8440990 
443222 
2200258 
240763 
1102046 
385143 
1651916 
572819 
2791582 
814453 
3951028 
37426 
158444 
122372 
556637 
3929823 
18550256 
79184 
380274 
44397 
193673 
501267 
2452049 
802429 
3720856 
281210 
1304785 
288352 
1246804 
778322 
4017428 
183384 
875243 
42681 
232122 
36025 
155978 
79309 
322741 
46196 
188367 
33818 
151928 
244469 
1141815 
69577 
162152 
92352 
453473 
280735 
1234513 
124242 
556284 
197605 
981776 
4477946 
20623520 
320891 
1459654 
32281 
156295 

第17类 车辆、航空器、船舶及运输设备
48603 
273447 
388913 
1934046 
79016 
340166 
64635 
356584 
112604 
451353 
207439 
1113160 
4836 
16074 
77040 
361606 
4446 
21046 
20017 
86105 
85742 
354297 
83439 
293038 
86941 
1223878 
163341 
609445 
94840 
384224 
51327 
162395 
68769 
315533 
130537 
515994 
62279 
242572 
23847 
75832 
28721 
126608 
683084 
3667658 
21912 
118752 
35379 
122487 
96232 
454556 
122496 
593715 
48476 
241902 
51599 
235505 
61357 
475142 
39658 
165858 
2762 
17344 
3598 
19599 
15386 
73221 
7812 
38662 
4505 
33854 
159397 
658512 
7070 
37134 
24321 
161426 
39156 
164754 
30146 
129561 
105305 
382104 
939957 
4203647 
57064 
331501 
6984 
30888 

86章 铁道车辆；轨道装置；信号设备
41 
15904 
48926 
202081 
3548 
23184 
2440 
13119 
141 
29302 
12252 
63856 
-
83 
13048 
76235 
37 
37 
131 
1087 
2607 
8019 
168 
3340 
46637 
196242 
8300 
23057 
930 
8261 
478 
4361 
882 
3601 
3904 
7667 
3504 
16701 
-
402 
5264 
11685 
63392 
258032 
1412 
13755 
25767 
72097 
10544 
38232 
6293 
47093 
6229 
26344 
1008 
5055 
8509 
38918 
1480 
7144 
498 
1749 
171 
590 
599 
1853 
15 
40 
1485 
16504 
678 
6295 
-
19 
2408 
55873 
600 
14684 
671 
3869 
7540 
24825 
84789 
297411 
6001 
66498 
1370 
5627 

87章 车辆及其零附件，但铁道车辆除外
48323 
214912 
53237 
242495 
75194 
309283 
61572 
266733 
112348 
421338 
189921 
1007076 
1989 
9748 
62967 
230012 
4409 
21001 
19879 
83341 
79986 
331598 
57241 
258938 
11492 
49892 
98134 
422395 
77473 
353472 
36470 
141440 
46607 
218258 
125660 
502650 
57916 
217558 
23777 
75091 
23315 
113817 
483182 
2224378 
20029 
97912 
8526 
35504 
71262 
295030 
109138 
514738 
31510 
149586 
48153 
216204 
50026 
248477 
33562 
147487 
2020 
14926 
3259 
18069 
14304 
68447 
7740 
38360 
2267 
13109 
58888 
303139 
7047 
37037 
21834 
105317 
33699 
145005 
29392 
125328 
53185 
258942 
772640 
3556480 
49372 
215404 
5509 
24243 

88章 航空器、航天器及其零件
0 
1 
35728 
157004 
37 
370 
86 
843 
77 
95 
1688 
14876 
2811 
6092 
702 
1132 
-
-
-
1550 
830 
2371 
-
28 
3512 
7831 
1541 
7152 
199 
425 
574 
1279 
363 
1823 
688 
1460 
442 
3275 
57 
307 
137 
936 
35160 
211655 
241 
2833 
904 
2350 
12699 
49899 
5840 
26603 
9542 
59153 
2150 
13018 
1570 
7875 
1341 
5501 
190 
417 
86 
294 
77 
173 
26 
100 
669 
3890 
204 
1658 
22 
55 
6 
8 
3 
28 
28 
69 
43758 
73922 
76733 
284209 
836 
4955 
30 
149 

89章 船舶及浮动结构体
238 
42630 
251023 
1332466 
238 
7329 
537 
75889 
39 
618 
3579 
27351 
37 
151 
323 
54228 
0 
9 
7 
127 
2320 
12308 
26030 
30732 
25301 
969913 
55366 
156841 
16238 
22067 
13806 
15315 
20917 
91851 
286 
4217 
416 
5038 
13 
32 
4 
169 
101351 
973593 
230 
4252 
181 
12535 
1727 
71395 
1225 
5281 
1196 
6819 
287 
1228 
1252 
179872 
3274 
5726 
54 
253 
82 
646 
405 
2748 
31 
161 
84 
352 
99627 
347420 
2 
22 
72 
229 
4855 
5036 
54 
296 
821 
24416 
5795 
65547 
855 
44643 
76 
869 

第18类 光学、医疗等仪器；钟表；乐器
1721 
12168 
982147 
4475649 
101988 
474561 
53605 
225501 
24853 
100100 
251516 
1217337 
10758 
35047 
79469 
354939 
834 
6191 
21514 
91296 
41851 
141316 
15098 
76588 
53353 
219769 
220431 
1003093 
58935 
259200 
34434 
179146 
20036 
98848 
110975 
474614 
120318 
507909 
6327 
28978 
13754 
59413 
709238 
3386056 
20588 
106953 
7550 
35387 
66589 
312885 
176451 
836701 
39444 
183508 
58657 
277551 
66003 
314824 
25806 
110106 
6830 
24741 
5789 
29916 
8728 
40802 
9708 
44844 
19454 
121645 
45495 
209023 
4133 
19437 
10427 
61079 
57381 
262655 
8447 
35144 
31705 
123775 
595185 
2658420 
29369 
129762 
4562 
18895 

90章 光学、照相、医疗等设备及零附件 
1705 
11791 
826298 
3843770 
92423 
442852 
47265 
199050 
21077 
89754 
229239 
1115142 
10089 
31334 
73577 
331059 
709 
5840 
19080 
82932 
38999 
130681 
9782 
56376 
47178 
199431 
214743 
974891 
55946 
246762 
32271 
169745 
15373 
76544 
105539 
463537 
118182 
499743 
5831 
27070 
12572 
54829 
651720 
3104334 
18641 
99093 
7183 
34095 
53415 
258334 
158066 
748254 
32851 
145508 
55794 
248767 
61304 
294084 
22490 
92610 
6713 
24304 
5517 
28739 
7947 
37456 
9397 
43514 
8212 
40874 
43225 
199725 
3793 
18373 
9331 
55525 
53867 
249091 
6669 
27559 
29043 
111932 
532377 
2398363 
25829 
113383 
4205 
17258 

91章 钟表及其零件
13 
359 
153197 
619607 
7174 
24148 
2916 
10175 
2836 
8136 
16243 
77038 
623 
3475 
4399 
16853 
88 
248 
2322 
7924 
1449 
6166 
5263 
19358 
4828 
15264 
2848 
12731 
1631 
7728 
1651 
6675 
3483 
17066 
4787 
9020 
1127 
3895 
463 
1674 
855 
3096 
37381 
199214 
1107 
5558 
234 
982 
8892 
39823 
11597 
57759 
4595 
29273 
1633 
23342 
2349 
10758 
2655 
14506 
36 
187 
161 
750 
446 
1846 
273 
1081 
11166 
80358 
1865 
7253 
252 
826 
533 
2339 
1555 
6385 
826 
3255 
1323 
5744 
33667 
148712 
1573 
8042 
157 
849 

92章 乐器及其零件、附件 
3 
17 
2652 
12273 
2391 
7561 
3425 
16277 
939 
2210 
6034 
25156 
46 
238 
1492 
7028 
38 
104 
112 
440 
1403 
4469 
54 
854 
1347 
5074 
2840 
15471 
1358 
4710 
512 
2726 
1181 
5238 
649 
2057 
1009 
4272 
34 
234 
327 
1487 
20138 
82508 
841 
2303 
133 
311 
4282 
14729 
6788 
30688 
1998 
8728 
1230 
5442 
2350 
9982 
660 
2990 
82 
250 
111 
428 
334 
1500 
39 
248 
76 
412 
406 
2045 
88 
238 
563 
3215 
1959 
7178 
952 
4330 
1339 
6099 
29142 
111346 
1967 
8337 
199 
788 

第19类 武器、弹药及其零件、附件
-
-
600 
3072 
8 
50 
-
26 
0 
111 
133 
335 
-
-
-
11 
40 
104 
-
124 
-
-
9 
12 
7 
10 
14 
33 
0 
225 
-
-
1 
142 
12 
12 
25 
165 
-
161 
1 
175 
1481 
6593 
62 
137 
105 
385 
235 
890 
285 
1530 
155 
807 
180 
641 
-
83 
77 
453 
-
1 
-
164 
68 
160 
17 
17 
2 
17 
61 
314 
-
4 
37 
185 
-
311 
106 
313 
89 
322 
4981 
20451 
4 
86 
60 
71 

93章 武器、弹药及其零件、附件
-
-
600 
3072 
8 
50 
-
26 
0 
111 
133 
335 
-
-
-
11 
40 
104 
-
124 
-
-
9 
12 
7 
10 
14 
33 
0 
225 
-
-
1 
142 
12 
12 
25 
165 
-
161 
1 
175 
1481 
6593 
62 
137 
105 
385 
235 
890 
285 
1530 
155 
807 
180 
641 
-
83 
77 
453 
-
1 
-
164 
68 
160 
17 
17 
2 
17 
61 
314 
-
4 
37 
185 
-
311 
106 
313 
89 
322 
4981 
20451 
4 
86 
60 
71 

第20类 杂项制品
11150 
44581 
395928 
1657975 
140306 
612972 
94059 
355914 
42045 
144096 
420714 
2006209 
15316 
61899 
162059 
672608 
11354 
42056 
46672 
159477 
135904 
579301 
134303 
581674 
215316 
1009427 
202206 
941585 
87860 
367821 
44404 
184775 
166803 
659620 
75498 
340815 
85608 
331406 
22707 
72066 
36622 
156849 
1671921 
7814237 
94221 
361232 
31068 
159978 
357214 
1652909 
290502 
1421773 
164137 
761743 
99086 
458952 
222371 
1128434 
129304 
562174 
10474 
45847 
16289 
72254 
49301 
244210 
15560 
64273 
8488 
39391 
91036 
436454 
19595 
80420 
24997 
98377 
51494 
223679 
52264 
213822 
211946 
1045701 
2175465 
10274620 
210740 
954475 
29296 
118288 

94章 家具；寝具等；灯具；活动房 
4460 
19957 
203017 
840064 
84985 
403205 
53860 
194720 
22684 
83532 
253898 
1249665 
14357 
56750 
116880 
497339 
8885 
33742 
18110 
61205 
47564 
184071 
103084 
452311 
149442 
742742 
132045 
607504 
62795 
258303 
15930 
77382 
92197 
391041 
45036 
208532 
63207 
229179 
12834 
38237 
25524 
107442 
1099344 
5148494 
61171 
224307 
24825 
122581 
242462 
1170665 
200461 
991249 
117190 
543067 
67145 
312997 
103274 
520336 
83647 
356070 
7388 
31348 
11162 
46523 
37065 
181651 
11798 
49015 
5310 
25798 
44547 
209641 
11870 
46552 
12521 
55871 
24411 
129001 
28880 
121580 
146347 
684328 
1461229 
6985598 
152119 
713969 
21914 
89366 

95章 玩具、游戏或运动用品及其零附件
1215 
4544 
143203 
617251 
20625 
92509 
17270 
74968 
5842 
21858 
121547 
558589 
278 
1386 
27538 
111449 
1504 
5308 
5052 
20246 
67512 
304714 
17507 
70897 
57212 
228021 
49294 
236973 
12648 
54127 
12749 
54671 
56935 
197469 
10324 
40353 
11157 
52152 
4445 
16239 
4902 
21768 
420338 
2025533 
27425 
111301 
4389 
28779 
86227 
366551 
62291 
308419 
31959 
155033 
19974 
95623 
102496 
531512 
32741 
155314 
2208 
10546 
2952 
15396 
8494 
46669 
1858 
9551 
2414 
10173 
29062 
151288 
3657 
17974 
9284 
29484 
17421 
57371 
15814 
62920 
52752 
303288 
526273 
2514538 
41468 
181680 
5818 
21742 

96章 杂项制品
5475 
20080 
49708 
200660 
34696 
117258 
22929 
86226 
13518 
38706 
45269 
197954 
681 
3763 
17641 
63820 
966 
3006 
23510 
78026 
20828 
90516 
13712 
58466 
8662 
38664 
20868 
97109 
12416 
55391 
15726 
52722 
17672 
71109 
20138 
91930 
11244 
50075 
5428 
17589 
6196 
27639 
152238 
640211 
5626 
25625 
1854 
8617 
28526 
115693 
27749 
122105 
14988 
63643 
11967 
50332 
16601 
76587 
12916 
50790 
878 
3952 
2175 
10335 
3742 
15889 
1905 
5708 
764 
3420 
17427 
75525 
4068 
15894 
3192 
13023 
9662 
37307 
7571 
29322 
12847 
58085 
187964 
774484 
17153 
58825 
1564 
7180 

第21类 艺术品、收藏品及古物
-
0 
36813 
91321 
164 
361 
26 
67 
-
100 
56 
1082 
2 
3018 
84 
409 
-
-
10 
207 
48 
216 
59 
284 
183 
1498 
139 
979 
75 
177 
21 
246 
247 
495 
173 
307 
141 
1695 
4 
35 
0 
71 
2930 
16119 
87 
828 
2 
146 
637 
3513 
776 
3034 
627 
3947 
97 
479 
303 
2415 
149 
704 
198 
198 
16 
170 
8 
97 
10 
17 
3446 
3928 
92 
539 
9 
11 
-
9 
1 
240 
23 
96 
895 
2790 
2550 
46390 
559 
2059 
77 
300 

97章 艺术品、收藏品及古物
-
0 
36813 
91321 
164 
361 
26 
67 
-
100 
56 
1082 
2 
3018 
84 
409 
-
-
10 
207 
48 
216 
59 
284 
183 
1498 
139 
979 
75 
177 
21 
246 
247 
495 
173 
307 
141 
1695 
4 
35 
0 
71 
2930 
16119 
87 
828 
2 
146 
637 
3513 
776 
3034 
627 
3947 
97 
479 
303 
2415 
149 
704 
198 
198 
16 
170 
8 
97 
10 
17 
3446 
3928 
92 
539 
9 
11 
-
9 
1 
240 
23 
96 
895 
2790 
2550 
46390 
559 
2059 
77 
300 

第22类 特殊交易品及未分类商品
19196 
89102 
10274 
60442 
1182 
4619 
709 
2558 
267 
1657 
20420 
91043 
15 
149 
3716 
12383 
86 
175 
184 
732 
968 
4559 
524 
1436 
2370 
10434 
1648 
7033 
816 
3276 
993 
2226 
893 
2787 
9430 
39960 
9167 
44895 
428 
814 
245 
1052 
34371 
109705 
1221 
2719 
850 
2710 
4921 
16867 
3374 
16671 
5437 
14382 
2939 
16607 
2211 
5846 
4382 
13361 
404 
1298 
440 
1125 
1503 
4029 
270 
663 
1125 
2829 
11432 
21063 
1555 
3403 
256 
681 
1781 
3917 
1281 
2745 
3192 
9807 
31643 
133681 
2794 
9045 
528 
1458 

98章 特殊交易品及未分类商品
19196 
89102 
10274 
60442 
1182 
4619 
709 
2558 
267 
1657 
20420 
91043 
15 
149 
3716 
12383 
86 
175 
184 
732 
968 
4559 
524 
1436 
2370 
10434 
1648 
7033 
816 
3276 
993 
2226 
893 
2787 
9430 
39960 
9167 
44895 
428 
814 
245 
1052 
34371 
109705 
1221 
2719 
850 
2710 
4921 
16867 
3374 
16671 
5437 
14382 
2939 
16607 
2211 
5846 
4382 
13361 
404 
1298 
440 
1125 
1503 
4029 
270 
663 
1125 
2829 
11432 
21063 
1555 
3403 
256 
681 
1781 
3917 
1281 
2745 
3192 
9807 
31643 
133681 
2794 
9045 
528 
1458 
